image_width: 1280
image_height: 720
camera_name:  /right
camera_matrix:
  rows: 3
  cols: 3
  data: [800.0758666992188,   0.     , 662.7603149414062,
           0.     , 800.0758666992188, 366.91058349609375,
           0.     ,   0.     ,   1.     ]
distortion_model: plumb_bob
distortion_coefficients:
  rows: 1
  cols: 5
  data: [0.00, 0.00, 0.00, 0.00, 0.000000]
rectification_matrix:
  rows: 3
  cols: 3
  data: [ 1.0,  0.0,  0.0,
         0.0,  1.0, 0.0,
         0.0,  0.0,  1.0]
projection_matrix:
  rows: 3
  cols: 4
  data: [800.0758666992188,   0.     , 662.7603149414062,   -60.00569     ,
           0.     , 800.0758666992188, 366.91058349609375,   0.     ,
           0.     ,   0.     ,   1.     ,   0.     ]